  0.0000000E+00  0.9905877      0.9903673       1.000000    
   50.00000      0.9590163      0.9580873      0.9804655    
   100.0000      0.9124297      0.9105903      0.9456685    
   150.0000      0.8499244      0.8471314      0.8919942    
   200.0000      0.7724166      0.7688493      0.8179061    
   250.0000      0.6827567      0.6788170      0.7249117    
   300.0000      0.5854274      0.5816642      0.6178155    
   350.0000      0.4858749      0.4828542      0.5040334    
   400.0000      0.3896405      0.3878031      0.3921170    
   450.0000      0.3015165      0.3010745      0.2899565    
   500.0000      0.2249246      0.2258292      0.2032639    
   550.0000      0.1616380      0.1636204      0.1347891    
   600.0000      0.1118515      0.1145149      8.4400684E-02
   650.0000      7.4513100E-02  7.7438235E-02  4.9831405E-02
   700.0000      4.7785252E-02  5.0616279E-02  2.7708257E-02
   750.0000      2.9504197E-02  3.1997848E-02  1.4495687E-02
   800.0000      1.7549178E-02  1.9585244E-02  7.1291802E-03
   850.0000      1.0085583E-02  1.1651231E-02  3.2939676E-03
   900.0000      5.7031284E-03  6.8697636E-03  1.4289990E-03
   950.0000      3.5315615E-03  4.4459547E-03  5.8179605E-04
